x
0.000000000000000 1.000000000000000
1 0.000000000000000 28216.00000000000
2 0.000000000000000 10.00000000000000
3 0.000000000000000 42210.00000000000
4 0.000000000000000 29232.00000000000
5 0.000000000000000 49267.00000000000
6 0.000000000000000 2663.000000000000
7 0.000000000000000 24447.00000000000
8 0.000000000000000 104087.0000000000
9 0.000000000000000 1383.000000000000
10 0.000000000000000 24.00000000000000
11 0.000000000000000 331.0000000000000
13 0.000000000000000 76080.00000000000
14 0.000000000000000 13526.00000000000
15 0.000000000000000 272.0000000000000
16 0.000000000000000 54.00000000000000
17 0.000000000000000 6.000000000000000
18 0.000000000000000 1481.000000000000
20 0.000000000000000 4481.000000000000
